1
0
2
4
3
33
32
31
30
29
28
27
26
25
24
23
22
21
20
19
18
17
16
15
14
13
12
11
10
9
8
7
6
5
34
35
36
38
39
40
42
41
43
44
46
37
47
48
49
45
50
52
54
51
55
56
57
53
62
61
60
59
58
63
64
65
66
68
69
67
74
73
72
71
70
75
76
77
80
81
79
78
82
84
83
85
86
88
87
89
90
91
92
93
94
95
96
97
98
99
1
0
3
4
2
5
6
7
8
9
10
11
12
13
14
15
20
21
19
18
17
16
22
36
37
35
34
33
32
31
30
29
28
27
26
99
98
97
96
95
94
93
92
91
90
89
88
87
86
85
84
83
82
81
80
79
78
77
76
75
74
73
72
71
70
69
68
67
66
65
64
63
62
61
60
59
58
57
56
55
54
53
52
51
50
49
48
47
46
45
43
42
41
40
39
38
25
24
23
44
